   1      "ao-r+ah"    1    1.001182   1.003406   1.003149
   2      "ao-r+iy"    1    4.541618   5.868950   2.794360
   3      "ao-r+jh"    1    1.012771   1.041758   1.851086
   4         "t+uw"    6   31.079386  11.860713   8.008018
   5      "ah-w+ah"    1    1.096213   1.694316   1.057903
   6      "ah-w+eh"    1    8.851827   2.944399   3.184802
   7      "ey-w+eh"    1    3.703797   1.257081   2.800578
   8         "t-er"    5   19.309315  31.526747  16.063660
   9       "d-eh+p"    1    1.247142   6.528271   3.224787
  10         "t-uw"    6   10.067799  21.641285  60.498035
  11      "iy-d+ah"    1    1.011778   1.000520   1.398457
  12           "ow"    5   11.935105  59.918797  34.458061
  13           "sp"  245  489.519592
  14         "aw-n"    2    2.667036  13.587404   8.123933
  15         "aw-t"    3    5.128882   4.844135   4.017960
  16      "m-ey+sh"    2    8.984329   2.060798   2.001210
  17       "g-ih+f"    1    2.975122   1.032808   1.998662
  18         "ay-n"    5   25.097691  12.001894  17.089157
  19         "ay-t"    4    6.959743   6.290006   7.633901
  20         "ay-v"    5    5.440140   5.576867  14.562513
  21         "ay-z"    1    3.058452   4.252116   5.585108
  22      "ae-k+ch"    1    1.028816   0.999985   1.000041
  23       "n-f+ao"    1    2.028937   3.964977   2.997988
  24       "n-f+er"    1    3.132644   3.860907   5.003573
  25      "er-iy+m"    1    0.999959   0.999866   1.000870
  26      "y-ah+ng"    6   23.955204  28.820801  17.633223
  27       "m-b+aa"    1    1.000152   0.999986   1.555091
  28       "m-b+ah"    2    1.999849   1.999851   2.967894
  29       "f-g+ae"    1    1.000040   2.018954   1.005188
  30         "l+ae"    1   10.667830   1.011018   1.028087
  31         "l+ah"    1    1.048320   1.161079   5.937469
  32         "l+aw"    2    9.254326   2.405439   2.000020
  33         "l+eh"    2    2.887791   2.162858   3.750370
  34         "l+ih"    2    2.027980   2.539122   3.166512
  35       "b-ey+s"    1    3.292723   6.609799   3.083982
  36         "l+ow"    1    1.068248   1.000025   0.999969
  37      "ch-ah+w"    1    1.936613   1.000809   0.999999
  38         "l-ey"    1    7.360657  12.349872   6.389586
  39         "l-ow"    2    9.337473   9.989961   7.901880
  40       "g-ae+n"    1    1.000064   2.878024   7.936872
  41       "g-ae+t"    1    0.999979   0.999979   1.000010
  42     "ah-dh+er"    1    8.187455   1.139794   1.922302
  43        "k-s+f"    1    2.142453   5.803452   1.991608
  44        "k-s+p"    1    1.254054   1.353817   7.439606
  45        "k-s+t"    1    1.837184   6.279962   4.777293
  46      "ch-iy+v"    1    2.465280   8.756232   4.877645
  47      "jh-ah+n"    1    1.045033   1.514742   1.431490
  48      "jh-ah+t"    1    1.102413   2.486534   2.406121
  49       "g-ah+z"    1    1.415189   1.000663   1.000469
  50      "ih-s+ah"    1    2.701110   6.806307   3.267950
  51       "d-ey+l"    1    6.352204   1.641296   3.853033
  52       "d-ey+r"    1    2.073214   0.999860   1.000067
  53       "d-ey+t"    1    4.125675   4.809316   3.061833
  54      "r-uw+hh"    1    1.008662   1.070778   1.000154
  55        "th-ah"    1    1.000150   1.078258   8.976542
  56       "k-ih+p"    1    3.158023   6.160878  10.190025
  57      "er-ay+z"    1    0.999951   0.999951   1.000837
  58      "l-eh+zh"    2    3.194191   1.999943   1.999943
  59      "g-er+ih"    1    7.735991   1.111642   1.011464
  60      "iy-m+ae"    1    6.416597   1.363656   4.143182
  61      "iy-m+ey"    4   14.564559  13.153407  13.872118
  62        "n-d+z"    1    0.999988   0.999988   0.999988
  63         "d+ae"    2    2.683483  17.339073   8.840911
  64         "d+aw"    1    1.001093   1.000072   6.118986
  65         "d+ay"    6    9.006145  13.316240   6.613278
  66         "d+eh"    1    1.185604   9.600933   4.317323
  67         "d+ey"    2    2.042476   8.925344  12.043406
  68         "d+ih"    3    5.033514   9.041791   8.997363
  69      "ah-g+eh"    2    2.010854   2.007774  11.268806
  70      "aa-l+ah"    2    2.589874   3.351699   2.920430
  71       "k-aa+l"    1    1.547033   0.999825   0.999825
  72       "k-aa+m"    1    1.004751   0.999986   1.057537
  73       "k-aa+p"    1    1.002630   0.999952   3.962332
  74      "aa-l+ih"    1    1.004222   1.000506   5.003909
  75      "aa-l+iy"    1    0.999825   0.999825   0.999825
  76      "er-l+ih"    1    4.042057   2.639750   1.618356
  77      "uw-t+ao"    1    3.319446   1.453704   2.316368
  78      "uw-t+er"    6   12.274445  12.213126  12.713310
  79         "d-er"    2   14.467290   8.605942   5.329744
  80         "d-iy"    1    2.920500   5.660203   2.421975
  81       "r-uh+k"    1    3.973415   1.290742   4.473173
  82      "ae-t+ah"    1    1.031452   1.483728   1.035522
  83      "ae-t+er"    1    0.999978   0.999979   1.000058
  84       "m-ih+d"    1    1.002123   5.387017   3.104352
  85       "m-ih+n"    1    1.000418   1.001578   1.162620
  86      "l-ey+er"    1    7.327695   5.364019   3.134575
  87       "r-w+er"    1    4.389878   4.806545   3.045159
  88       "l-eh+k"    1    2.000353   1.000765   1.240272
  89      "g-ah+th"    1    1.300309   1.002492   1.000568
  90       "k-ah+l"    3    5.984285   6.006050   7.007046
  91       "k-ah+m"    5    7.337008   8.559072   9.155580
  92       "k-ah+n"    1    1.292104   1.660624   1.083951
  93       "k-ah+p"    1    1.028082   3.782703   6.578252
  94       "s-b+oy"    1    4.429497   1.152936   3.015791
  95       "l-g+er"    1    1.001432   1.000105   3.995215
  96     "eh-zh+er"    4   50.495476  16.196508  20.053730
  97       "p-uw+d"    1    2.333791   0.999921   8.994940
  98     "ey-zh+ah"    1    6.283874   5.227637   7.742232
  99      "n-ch+er"    1    9.359489   1.000938   1.000376
 100     "ey-zh+ih"    1    5.825165   5.192800   1.000810
 101       "b-y+uw"    1    1.987361   1.007403   1.000557
 102       "t-w+eh"    1    1.114424   3.953346   3.000217
 103       "t-w+ey"    1    3.939609   1.969176   3.987577
 104       "m-ae+n"    1    6.903102   1.000025   1.136309
 105       "n-eh+k"    1    2.133876   1.007092  11.998350
 106      "aa-d+iy"    1    1.277440   3.074589   1.711974
 107        "n-s+d"    1    3.998058   3.426348   3.581728
 108        "n-s+t"    1    3.844274   2.166694   1.999948
 109        "n-t+r"    1    1.966102   1.031797   1.000802
 110      "ae-l+ah"    1    7.652736   2.705559   1.026358
 111       "m-ah+n"    1    1.250614   1.074068   1.003658
 112       "m-ah+t"    1    1.368250   1.922804   5.459364
 113       "m-ah+z"    1    2.469708   5.655083   1.422739
 114       "k-ao+l"    5   12.245330  24.508692  16.385761
 115      "ah-ng+k"    1    1.000010   2.360131   3.710064
 116       "g-l+ae"    1    5.379779   1.609490   3.293962
 117      "eh-v+ah"    5   11.596092   7.011761   5.991323
 118      "iy-v+iy"    1    1.042891   1.000301   0.999856
 119      "uh-r+ih"    1    2.841085   2.875969   1.010684
 120      "l-hh+eh"    1    6.491684  12.989333   1.000976
 121         "m+eh"    3   16.100275   4.000398  13.436246
 122         "m+ey"    1    1.000000   1.999797   8.004805
 123         "m+ih"    2    2.000890   3.115189  13.202411
 124     "ah-th+ah"    1    1.001677   1.000426   0.999872
 125     "uw-ey+sh"    1    4.157555   2.655817   1.037163
 126      "ah-p+ah"    1    1.874281   1.282326   2.894679
 127      "ah-p+er"    1    2.872983   2.020458   2.030617
 128      "f-er+th"    1    0.999990   1.000089   1.000979
 129       "aw-n+d"    1    1.214300   5.920031   2.880231
 130       "aw-n+t"    1    2.005184   2.157571   1.440220
 131       "l-ey+n"    5   23.955153   9.191273  12.936095
 132       "l-ey+t"    1    3.899677   1.000040   3.843210
 133       "k-aw+n"    1    6.616714   4.153995   1.060882
 134       "s-ih+k"    5    7.830595   7.341847  14.648596
 135       "s-ih+n"    1    1.949171   1.348958   3.711440
 136       "t-uw+t"    1    1.011211   1.897583   2.766726
 137      "m-er+sh"    1    8.806677   1.193035   1.064443
 138      "ih-t+ah"    3    5.119343   4.853452   3.149230
 139      "uw-d+ah"    1    0.999853   0.999865   2.000334
 140       "r-eh+d"    1    3.289807   1.025506   0.999989
 141       "s-k+aa"    1    1.164597   3.919993   4.534760
 142       "s-k+ih"    1    1.766280   1.100952   2.643322
 143      "ae-d+ah"    1    1.241195   1.019485   1.005666
 144      "eh-n+ah"    1    3.130710   1.142051   2.152615
 145      "eh-n+ch"    1    3.659534   1.682747   4.003220
 146      "eh-n+ih"    1    4.673915   2.547086   1.983547
 147       "s-aa+f"    2    4.196993   4.617490   4.298843
 148       "s-aa+l"    1    2.994163   4.437455   1.176912
 149        "d-s+t"    1    3.258840   4.717344   5.441708
 150       "p-er+v"    1    1.003948   1.170470   3.816642
 151     "aa-hh+aa"    1    1.446259   1.322057   0.999946
 152      "ae-sh+b"    1    2.427862   3.195655   2.401769
 153      "aa-m+ah"    1    6.702040   1.276255   4.728175
 154       "s-ae+d"    1    5.446143   1.000182   1.279535
 155     "uw-hh+aa"    1    1.787733   1.048203   1.007838
 156         "th+r"    5   26.049662  25.091047  29.110624
 157       "s-ah+n"    1    4.097313   1.964176   1.058844
 158         "v+aa"    3    3.003780   2.999950   5.963962
 159         "v+ae"    1    1.047849   1.018321   0.999749
 160      "ih-l+er"    1    1.082321   1.004217   1.530662
 161      "ih-l+ey"    1    6.676479   5.224848   3.239424
 162       "b-oy+z"    1    2.041123   9.483360   6.479797
 163      "ih-l+ih"    1    1.057267   1.002060   0.999989
 164      "hh-ah+l"    1    1.105353   1.188448   1.008188
 165      "ih-l+ow"    1    2.927317   7.511089   1.008152
 166        "zh-ah"    2    2.050769   3.631733  15.005587
 167        "zh-er"    4   13.231666   6.273890  17.923403
 168      "th-r+ay"    1    2.908281  10.651924   2.247881
 169      "th-r+iy"    5    8.212196   8.100986   6.323781
 170      "k-hh+ey"    1    1.008364   1.043978   2.487040
 171       "v-eh+l"    1    1.029417   2.733426   1.092229
 172       "v-eh+n"    1    2.822428   1.937426   2.519490
 173      "v-iy+ah"    1    2.751742   1.445963   3.409051
 174       "t-er+z"    2    6.257053   2.053537   2.004182
 175       "r-ey+d"    1    5.103825   3.052590   3.429580
 176      "uw-m+ah"    1    4.117668   1.258730   2.345698
 177     "ih-dh+ah"    2    8.325363   3.660158   2.000219
 178       "s-t+aa"    2    2.007787   3.438076   2.055752
 179       "s-t+iy"    6   10.102096  10.037944   8.823895
 180       "l-y+ah"    1    2.031621   1.010528   5.975178
 181      "l-er+ey"    1    8.642694   1.000014   0.999992
 182      "l-er+iy"    1   15.360539   1.002136   1.068714
 183       "l-y+uw"    3    9.987135   2.999406  17.720057
 184        "ch+oy"    1    7.999878   0.999927   2.001979
 185     "ey-sh+ah"    6   19.281160  35.867580  18.140779
 186        "ch-er"    2    2.845480   7.735037   6.997894
 187         "n+ay"    5    8.676568  19.387123  10.458987
 188       "f-ow+n"    5    7.047656  21.025915  20.264545
 189         "n+eh"    1    1.000225  10.938830   1.931721
 190      "ih-d+ah"    1    1.049885   1.001255   2.834967
 191         "n+iy"    1    4.698456   3.502254   2.661120
 192      "ao-l+dh"    1    1.003187   1.439840   2.442023
 193       "w-ah+l"    1    0.999974   0.999983   0.999970
 194       "w-ah+n"    5    8.165500   8.449263   8.703453
 195       "t-ey+t"    1    6.194398   1.901946   7.782526
 196      "er-v+ae"    1    1.091630   1.137681   1.094656
 197      "hh-aw+t"    1    3.951433   9.973054   2.064793
 198       "n-y+ah"    1    1.069237   2.368184   1.156937
 199       "s-ay+k"    1    2.082141   1.006100   4.867966
 200       "s-ay+l"    1    2.141468   1.018482   6.619781
 201      "ih-sh+m"    1    3.659738   4.340797   4.005808
 202      "ay-k+ah"    1    7.154262   2.955433   0.999927
 203      "n-ih+th"    1    1.003599   1.065687   1.962569
 204       "b-r+ay"    2   10.626246  17.656076   4.185463
 205       "b-r+ih"    1    2.080080   1.903715   3.917537
 206       "w-iy+k"    1    2.001938   1.172235   1.618849
 207       "b-r+uh"    1    1.000435   0.999998   1.000000
 208       "b-r+uw"    1    1.008844   1.027617   1.219313
 209     "hh-aa+hh"    1    1.890533   0.999938   0.999942
 210      "d-ih+jh"    1    1.861178   2.896915   1.401808
 211      "d-ih+ng"    1    1.150710   1.435477   1.005649
 212       "y-ah+b"    1    1.016535   1.005141   1.018417
 213       "y-ah+l"    1    1.729755   1.732911   1.224401
 214       "y-ah+t"    2    2.008158   2.000315   3.095438
 215       "p-y+ah"    2    1.999908   3.978615   7.012780
 216      "uh-k+eh"    1    0.999988   2.944779   2.055255
 217      "n-iy+zh"    1    1.977941   1.001219   1.000000
 218       "p-y+uw"    5    5.076688  13.921648   9.267547
 219      "uh-k+hh"    1    1.359209   1.086503   1.278187
 220         "f+ao"    7   18.583002  46.353611  16.606247
 221         "f+ay"    5   17.042248  33.773075  11.781471
 222         "f+iy"    1    3.441806   5.606930   0.999841
 223         "f+ow"    5   12.217377  25.563065  24.418743
 224      "ay-ah+l"    5   13.240063  13.055006  19.853039
 225      "ay-ah+t"    1    9.036504   1.021893   6.480670
 226         "uh-d"    1    2.963867   1.002230   0.999966
 227      "aw-t+uw"    1    1.987658   1.020851   0.999884
 228         "w+ah"    5   34.264496  20.817837  22.387291
 229         "w+eh"    2   11.980935   5.721320   3.293308
 230         "w+iy"    1    4.019956   2.000826   0.999971
 231         "w+uh"    1    8.656688   3.997025   0.999911
 232      "ah-z+ey"    1    3.006141   3.966905   5.053801
 233       "s-d+ey"    1    1.000246   2.726937   4.353508
 234       "l-ow+n"    1    0.999971   0.999971   0.999971
 235         "w-ey"    1    4.086066  27.826118   2.093356
 236       "z-ey+b"    1    1.000006   7.971019   2.242141
 237     "ah-ch+iy"    1    1.000942   2.395059  20.785318
 238      "w-eh+dh"    3    4.146922   7.699749   6.341923
 239      "ay-t+ah"    2    2.092855   2.644478   4.269599
 240      "ay-t+ih"    1    1.132570   1.868096   1.004537
 241        "sh+ae"    1    3.296494   3.703559   4.629282
 242        "sh+ow"    1    1.006857  12.381674   4.601307
 243          "b+l"    1    1.112673   3.877529   5.270374
 244          "b+r"    5   12.050503  18.701900  16.037271
 245        "sh-ow"    1    7.936905  10.957798   9.235178
 246      "l-dh+ow"    1   13.636950   1.001084   8.323502
 247          "d-z"    2    1.999940   6.991550  19.579876
 248        "ow-er"    1    1.001009   4.890226   4.319495
 249          "g+l"    1    1.758693   4.528976   6.100664
 250      "d-ae+sh"    1    6.972874   0.999979   1.000168
 251         "uw-b"    1    1.074864   1.161574   1.000852
 252         "uw-m"    1    5.853575   4.228411   3.301619
 253         "uw-t"    1    1.087769   1.002018   1.001614
 254      "ey-r+iy"    1    1.079053   5.957793   1.001514
 255          "k+r"    4    7.996821  13.959453  22.990963
 256          "k+w"    1    1.001062   3.973777   5.020113
 257          "k+y"    4   14.026304   5.605650   5.391257
 258          "k-s"    6   13.104174  18.005507  20.784515
 259      "ay-l+ah"    1    4.094868   1.199619   1.000212
 260          "l-p"    2    7.501443   2.319602   2.006404
 261          "l-t"    1    1.000965   1.000003   1.000283
 262          "l-z"    3    6.988789   9.282508  30.731293
 263      "sh-b+ao"    1    5.145809   3.856357   1.961687
 264          "m+y"    1    1.000000   1.847481   2.039947
 265          "m-z"    1    1.034889   5.609439   5.377002
 266          "n-d"    3    6.839237   3.472007   4.141089
 267          "n-s"    1    4.091383   4.439120   2.227077
 268          "n-t"    3    4.540279   5.117280  10.929711
 269      "ih-v+eh"    1    4.324853   2.762400   1.000800
 270     "ih-jh+ah"    2    9.740954   7.991204   2.010798
 271          "p+l"    2    2.047312   7.260931   4.737291
 272          "p+r"    1    8.792388   3.142482   1.007902
 273          "p+y"    2    5.627378   5.153591   2.243043
 274       "l-r+ay"    1    1.004722   8.031797   1.142204
 275       "uw-m+y"    1    5.935017   1.047458   2.053243
 276        "ih+sh"    1    7.324937   1.027836   1.642763
 277         "eh+r"    2    4.141879   9.036983   5.817571
 278         "eh-d"    2   37.646774   2.245972   4.958995
 279         "eh-l"    1    1.026721   3.358412  14.568388
 280         "eh-r"    1    1.017754   1.001332   5.714629
 281         "eh-t"    1    0.999887   0.999890   1.002695
 282      "aw-d+er"    2    2.035825   4.920281  10.095015
 283        "m-p+l"    2    6.827851   5.128303   2.508346
 284        "m-p+y"    5    5.490089   5.296093   5.703360
 285          "r-d"    1    1.044655   3.816633   1.010989
 286          "r-t"    1    1.097013   1.000018   1.000294
 287      "eh-p+th"    1    1.000100   1.000413   1.011431
 288       "r-ow+b"    1    4.809921   1.178430   2.849130
 289        "ih-ng"    5   23.435532  12.119284  19.227972
 290      "uh-l+hh"    1    1.000053   1.000879   8.497679
 291          "s+k"    2    8.557562   8.408157   8.062001
 292          "s+t"    8   26.476196  24.165129  38.338860
 293          "s-t"    3    4.067064   5.051767   4.016484
 294        "ih-sh"    1    4.085100  14.870287   4.027683
 295        "ih-th"    1    4.017570   1.016513   7.972582
 296         "g+ae"    1    0.999987   0.999980   1.000118
 297         "g+ah"    1    1.000097   1.002804   4.582194
 298         "g+ey"    1    3.424423   6.591586  12.980651
 299         "g+ih"    1   11.236667   8.285413  10.747390
 300          "sil"   80  1156.503784 489.519592 3284.521484
 301       "b-ih+k"    1    1.273842   2.787895   2.657947
 302       "b-ih+l"    1    1.023982   1.231431   1.002841
 303       "b-ih+t"    1    1.989440   3.076102   7.822541
 304        "iy-ah"    3   15.894509  12.789009  12.589400
 305       "m-n+iy"    1    1.553861   3.160087   2.010133
 306      "ih-n+iy"    1    2.185940   1.926694   1.051015
 307       "b-aa+d"    1    1.005499   6.846152   2.996114
 308       "b-aa+k"    1    1.317337   5.745986   6.381212
 309       "b-aa+l"    1    3.853157   5.889127   1.081610
 310         "er-d"    1    1.561626   3.458956   1.000237
 311         "er-z"    2    3.429680  10.876302  17.062963
 312      "ih-n+th"    1    1.674626   1.067538   1.187322
 313       "d-ih+l"    1    1.035805   3.718624   1.172239
 314       "d-ih+v"    1    1.017900   2.034554   3.799084
 315       "p-r+iy"    1    1.826321   1.000058   1.009416
 316       "b-ae+k"    1   10.507751   1.052988   1.222716
 317       "b-ae+t"    1   12.441528   1.000886   1.006320
 318      "ah-b+aa"    1    3.199491   2.799336   1.160555
 319      "ah-b+ah"    1    4.009265   2.011160   2.929137
 320      "ah-b+aw"    4   13.630358  17.401897  16.175798
 321      "ah-b+ey"    1    3.077206   1.866008   3.004631
 322      "ey-b+ow"    1    3.891728   2.865589   4.907080
 323     "er-zh+ah"    1    5.924170   3.993318   1.411570
 324       "d-aa+m"    1    2.522337   5.105560   1.855945
 325         "ey+t"    5   26.852272  32.170471  29.100517
 326       "b-ah+l"    3    6.811677   4.247515   7.885756
 327       "b-ah+n"    1    1.037474   0.999905   1.000070
 328       "b-ah+s"    1    1.035833   1.445186   1.454441
 329         "ey-d"    2    7.271937   4.685408   3.951159
 330         "ey-l"    3   11.968057  17.085915  13.939450
 331         "ey-n"    5    9.964480   8.260093  11.859981
 332         "ey-s"    1    3.088606  11.327563   4.943196
 333         "ey-t"    6   14.888677  10.017582   9.311027
 334       "k-w+ay"    1    0.999896   1.999666   2.073732
 335       "d-ae+n"    1    2.508594   1.000320   1.005118
 336      "sh-ae+m"    1    1.145365   1.000420   1.006939
 337       "b-iy+t"    1    3.000871   5.093321   8.883827
 338         "p+uw"    1    4.121242   2.508400   2.641897
 339         "p-er"    1    4.793867   9.113746   2.099818
 340       "d-ah+l"    5    9.769802   6.724178   9.453187
 341       "b-ao+r"    1    2.988854   6.931850   1.139781
 342      "sh-ah+l"    1    1.400266   1.048794   1.002336
 343      "sh-ah+n"    7   10.662559   7.256804  12.578155
 344         "p-th"    1    1.004411  10.960078   1.023103
 345       "t-r+ih"    1    0.999952   0.999952   0.999952
 346       "t-r+iy"    1    1.015840   5.540565   1.002827
 347      "jh-eh+s"    1    1.002808   4.007355   2.005882
 348       "g-eh+n"    1    1.777257   3.852457   2.979868
 349      "n-ey+sh"    1    5.372267   1.584064   1.043038
 350      "zh-ah+n"    1    0.999980   1.014791   1.004061
 351      "ae-g+ah"    1    4.483963   7.488811   4.543611
 352      "er-ey+d"    1    8.526978   6.304321   2.299362
 353       "b-aw+n"    1    8.762753   3.235248   1.849924
 354       "b-aw+t"    3   28.953270  20.359037  20.656977
 355      "ah-k+aw"    1    1.036913   3.297073   6.701154
 356      "aa-p+iy"    1    3.052407   3.004199   1.018627
 357       "f-iy+m"    1    3.996052   1.000017   6.002066
 358      "p-ah+ng"    1    2.905979   9.213990   2.819847
 359       "f-ao+r"    9   18.309494  57.014984  28.431124
 360       "b-l+ey"    1    1.836682   0.999995   1.000015
 361       "d-aw+n"    1    9.447614   3.346299   4.090098
 362       "l-ih+s"    1    2.121969   4.760855   1.744079
 363       "l-ih+t"    1    1.247842   4.998288   5.809687
 364         "y+ah"    6    8.242911  13.294989  34.064831
 365       "f-t+er"    2    6.880892   5.288859   5.351578
 366        "f-t+w"    1    3.197198   1.065763   3.986124
 367       "s-f+ao"    1    1.001199   4.163435   2.005002
 368       "k-eh+n"    5   11.910438  12.071103  20.598335
 369         "y-ah"    1    4.675206   4.138775   4.020344
 370        "s-p+l"    1    1.469843   3.456986   3.017719
 371         "y-uw"    1    0.999929   4.247124   7.041051
 372       "ey-l+z"    1    3.315069   3.577037   1.182275
 373       "ao-l+r"    1    5.089031   2.775823   1.000845
 374       "ao-l+t"    1    0.999952   1.000578   5.993705
 375       "g-ey+t"    1    1.078718   8.928998   3.987427
 376        "s-t+r"    1    0.999986   1.661842   2.921114
 377      "w-ay+ah"    1    1.000372   0.999925   3.997260
 378      "hh-uh+d"    1    3.105254   9.929768   1.004527
 379      "uw-p+ah"    1    4.812814   2.808719  28.178274
 380     "ay-jh+eh"    1    0.999980   1.002257  22.982571
 381      "uw-p+er"    1    1.156129   2.268414   1.554383
 382       "f-ay+v"    5    9.393484   9.053722  23.422386
 383       "l-ae+d"    1    1.040116   1.000214   1.001589
 384       "l-ae+n"    1    4.158044   1.000004   1.001423
 385       "m-eh+t"    1    1.002466   1.105921   7.893046
 386       "b-d+aa"    1    2.001615   1.001572   3.533856
 387       "ae-b+d"    1    7.178708   1.250594   3.002417
 388       "ao-r+d"    1    1.000357   1.010502   4.036506
 389       "ao-r+m"    1    0.999989   0.999987   0.999987
 390       "ao-r+w"    1    0.999865   0.999865   0.999865
 391       "ey-t+w"    1    1.106903   1.063378   1.932186
 392       "l-ah+n"    2    4.418963   2.794780   2.126866
 393       "l-ah+p"    1    1.773168   1.931433   6.224597
 394       "l-ah+s"    1    1.000043   1.004504   1.000924
 395       "l-ah+t"    2    3.041142   2.035612  10.006398
 396       "l-ah+v"    1    2.203785   4.226825   3.128808
 397       "l-ah+w"    1    1.001178   2.156711   2.837043
 398       "k-er+l"    1    8.058712   1.628252   1.041214
 399       "ae-d+v"    1    0.999974   1.000023   0.999939
 400       "ae-d+w"    1    0.999978   1.000009   0.999838
 401      "ah-t+ah"    2    2.744459   4.544253   2.059239
 402      "ah-t+ey"    2    8.891559   4.725919   4.484455
 403      "ey-t+ah"    2    2.166135   2.287589   2.706281
 404     "er-sh+ah"    1    2.958105   4.693063   3.406109
 405      "ah-t+ih"    1    1.247230   1.284484   1.607158
 406       "ae-f+g"    1    2.004595   4.976840   1.000073
 407      "v-er+zh"    1    5.336830   1.045738   2.052605
 408      "t-ey+sh"    1    4.084276   2.701197   1.015192
 409       "n-ah+l"    2    2.868633   2.026273   1.999955
 410       "w-uh+d"    1    0.999868   0.999917   0.999917
 411       "ae-k+y"    1    4.671681   0.999977   0.999943
 412       "r-ih+b"    1    0.999981   1.000406   3.317108
 413       "r-ih+t"    1    0.999951   1.001279   1.098397
 414       "ae-l+g"    1    1.037370  12.624037   2.391147
 415       "ae-l+y"    2   10.213078   2.015373   3.643936
 416       "s-uw+p"    1    2.000887   0.999809   5.020285
 417       "l-t+ah"    1    1.825320   1.252377   1.730556
 418       "ae-m+n"    1    1.284915   1.000753   1.011936
 419       "ae-m+p"    3   18.843058   7.993060   4.011313
 420      "iy-r+ay"    1    6.692003   8.937775   3.671905
 421       "ae-n+f"    1    4.051994   2.304880   1.045219
 422       "ae-n+s"    1    1.920382   0.999993   1.003841
 423      "eh-r+ow"    1    8.812440   1.056003   1.004225
 424      "iy-r+ow"    5   15.253874  15.131882   8.853680
 425       "n-iy+d"    1    1.327055   8.897058   2.790879
 426       "n-iy+k"    1    1.981001   2.132582   3.838645
 427         "ow-m"    1   10.061014  18.211292   1.113782
 428         "ow-n"    6   11.544973  15.190909  14.530493
 429        "ey+zh"    1    5.345504   8.361300   1.001333
 430      "ah-l+ah"    1    6.385175   1.120003   1.001576
 431      "ah-l+eh"    1    1.000001   1.000010   1.000599
 432      "ah-l+er"    1    2.338238   1.011056   1.000108
 433       "p-ah+l"    1    1.000013   0.999995   0.999992
 434      "ah-l+ih"    1    0.999951   0.999949   0.999943
 435      "ah-l+ow"    2    2.478294  13.326370   4.012771
 436       "m-ey+d"    1    4.947801   5.014124   4.738094
 437       "m-ey+l"    3   12.340998   5.544718   8.936292
 438       "m-ey+w"    1    6.696846   2.294069   3.052990
 439        "ey-er"    1    1.000203   3.376577   2.235692
 440       "y-uh+r"    1    1.000630   1.001407  10.011318
 441       "l-aw+d"    2    7.523198  11.362233   3.828515
 442         "oy-n"    1    1.921703   7.077150  13.886284
 443         "oy-s"    1    2.639517   5.597643   3.710500
 444         "oy-z"    1    1.991881   1.029916   3.978908
 445        "ey-zh"    1    5.940510   2.006236   0.999888
 446       "t-ih+l"    1    0.999880   0.999945   1.000082
 447       "t-ih+r"    1    1.393903   3.589505   1.580935
 448       "t-ih+v"    1    1.079998   3.126767   4.290149
 449       "n-t+aw"    1    1.990294   1.890965   2.120127
 450      "y-uw+ey"    1    1.000543   3.982831   2.995146
 451     "er-ih+dh"    1    1.057278   3.629371   5.380503
 452       "s-eh+v"    5    8.676633   8.486046  24.539627
 453       "p-iy+r"    1    1.954561   1.011601   3.395703
 454         "z+iy"    5   18.128763  20.676414  13.268717
 455      "hh-eh+d"    2    2.020613  28.910789   2.021515
 456      "hh-eh+l"    4    5.520273   4.161147   5.761065
 457     "th-iy+ah"    1    4.998690   2.075997   2.960913
 458       "t-aa+p"    1    1.089219   4.024445  11.877720
 459       "t-aa+r"    1    1.512965  10.200318  10.811439
 460       "r-ah+m"    2    1.999864   2.052156   2.238006
 461       "n-ay+n"    5    9.663616  10.630291  40.601826
 462      "b-ey+zh"    2   13.263504   8.193607   2.563341
 463      "sh-m+ey"    1    1.008634   4.511450   3.491552
 464       "r-iy+m"    3    4.443863   7.001904   4.282146
 465       "r-iy+v"    1    4.924997   5.433571   5.583949
 466      "ey-d+ah"    1    1.010947   0.999966   1.003462
 467       "oy-l+z"    1    1.011952   3.443550   1.017743
 468        "hh+ah"    1    1.000889   1.001416   3.169874
 469        "hh+aw"    1    1.000224   1.000070   8.998442
 470        "hh+eh"    4    7.616911   9.918402  22.601822
 471        "hh+ow"    1    1.063332   1.000051   3.171856
 472        "hh+uh"    1    1.010670   1.017647   3.224625
 473        "hh+uw"    1    1.527523   1.446463   6.388937
 474       "v-aa+k"    1    6.999933   3.024665   1.094527
 475       "v-aa+l"    3   19.277214  18.682318   7.919212
 476       "t-ah+b"    1    1.000105   1.000183   1.059810
 477       "t-ah+g"    1    1.115641   1.011022   1.161009
 478       "t-ah+l"    6    9.020164  14.721061  13.939939
 479       "t-ah+n"    4    7.710585   5.347531   8.919486
 480       "t-ah+s"    1    1.001777   1.000713   1.004610
 481      "n-ah+dh"    1    2.330721   7.790774   1.688756
 482        "l-p+l"    1    1.154094   1.014777   4.900075
 483        "hh-aa"    1    1.000356   6.250566   2.972181
 484       "ah-k+y"    1    2.888717   1.003354   3.009904
 485        "hh-uw"    1    1.770725   1.000009  26.999035
 486       "y-uw+b"    2    2.000856  11.284590  17.587349
 487       "y-uw+m"    3    4.186822   6.707006  11.298294
 488       "y-uw+p"    1    1.992633   1.005653   2.183441
 489       "y-uw+t"    6   10.053757  20.001225  24.955715
 490       "y-uw+z"    1    1.000195   1.429373   1.000608
 491       "ah-l+z"    1    1.006456   4.916419   1.000171
 492       "r-t+ih"    1    1.001714   2.013875   2.008169
 493       "ah-m+b"    2   12.051847   2.029432   2.000044
 494       "ah-m+p"    4    8.144165   7.043624   8.302849
 495       "ah-m+z"    1    5.070926   2.816452   1.064410
 496       "k-y+uh"    1    1.002774   7.941583   4.059818
 497       "k-y+uw"    5    7.979493  25.033573   8.511139
 498         "r+ay"    1    7.939564  10.127073   9.794059
 499         "r+eh"    1    2.778542   1.206947   1.057948
 500       "v-ae+l"    2    2.006083   4.433513  12.754215
 501         "r+ih"    1    1.000000   1.000000   1.000000
 502       "w-eh+l"    1    0.999789   0.999789   1.000894
 503       "w-eh+r"    1    1.001734   7.745335   9.131028
 504       "w-eh+t"    1    1.205281   3.726133   2.766378
 505       "ah-n+d"    1    0.999978   0.999978   0.999978
 506       "ah-n+s"    1    1.696406   1.576222   1.252013
 507       "ah-n+t"    4   16.115953  17.141855   9.121734
 508       "t-iy+v"    6   14.162600  43.691990  23.335884
 509         "r-iy"    5   13.650901  29.616257  27.258480
 510         "r-jh"    1   16.127337   0.999995   0.999995
 511         "r-ow"    5    7.690753   6.887697  19.101776
 512       "v-ah+n"    6    8.009414   6.953284  10.285956
 513       "t-ao+r"    1    1.237100   0.999955   1.046794
 514       "p-l+ah"    1    4.940614   1.001627   1.000024
 515       "p-l+ey"    6   14.252179   7.748290   8.479761
 516      "k-ch+ah"    1    0.999976   3.122684  26.868286
 517      "k-ch+er"    1    0.999938   3.999685   0.999993
 518       "eh-d+z"    1    4.804422   1.002644   1.000040
 519       "z-ih+k"    1    2.744921   2.742989   8.918365
 520      "hh-ey+v"    1    7.640138   1.387110   5.851435
 521       "ah-s+b"    1    2.102062   1.000001   2.394834
 522      "d-ay+ah"    5    7.229171  20.189014  11.602304
 523       "m-y+ah"    1    1.006142   1.011123   1.050017
 524      "d-ay+jh"    1    1.018103   2.945716   1.034962
 525       "r-ay+t"    7   12.313779  10.775331   7.036496
 526      "ch-oy+s"    1    2.259037   8.729174   5.008205
 527       "m-y+uw"    1    1.069559   1.004249   5.671851
 528      "ng-k+ch"    1    1.004639   0.999936   0.999938
 529       "n-d+ih"    1    9.387795   1.127878   1.029147
 530       "w-er+d"    1    0.999991   1.014692   1.191441
 531       "t-aw+n"    1    9.134683   6.760489   1.163081
 532       "eh-k+s"    1    1.022794   0.999915   1.004694
 533     "zh-ih+ng"    1    1.000011   2.047138   4.959061
 534       "d-v+eh"    1    0.999948   1.012089   0.999942
 535      "l-ow+er"    1    1.033621  10.919307   8.984715
 536       "eh-l+m"    1    1.002051   4.964580   1.912376
 537       "eh-l+p"    3    3.077306   9.935119  18.750328
 538       "eh-l+t"    1    1.037511   4.304219   2.615401
 539      "ah-m+er"    1    6.916076   1.011499   3.035143
 540      "aa-r+th"    1    1.001682   1.003665   1.049618
 541      "uw-z+ih"    1    4.748928   3.084567   2.187181
 542       "eh-n+d"    3    9.763043   6.897355   9.761201
 543       "eh-n+s"    1    1.018325   1.000091   1.001259
 544       "eh-n+y"    1    3.534615   1.480930   1.534370
 545      "t-er+ay"    1   21.330433   1.070197   0.999993
 546      "t-er+ey"    1    7.204655   1.000290   1.000057
 547       "ih-b+y"    1    1.004285   1.004940   2.677986
 548       "eh-r+p"    1    1.004790   1.011329   6.352153
 549       "eh-s+t"    1    4.017588   3.219657   7.759982
 550     "ah-hh+eh"    1    2.913843   2.083472   1.000492
 551       "ih-f+t"    1    1.001149   1.334260   1.346030
 552       "l-m+ah"    1    7.118299   1.003000   2.022638
 553       "z-iy+r"    5   12.511257  10.385489  21.213932
 554      "iy-k+ah"    1    1.000665   1.943380   2.098674
 555      "iy-k+eh"    1    5.204120   3.635345   2.367088
 556      "eh-k+sh"    1    3.554921   1.015526   2.128858
 557      "ow-b+ih"    1    3.499867   1.644801   2.664603
 558         "b+aa"    1    1.054482   4.072485   3.066427
 559         "b+ae"    2    3.031515  11.616984   8.370999
 560         "b+ah"    1    1.555403   3.098554   4.207663
 561         "b+eh"    2    3.981021  14.233522   7.006918
 562         "b+ey"    2    9.929280   3.956280   7.906205
 563         "b+ih"    2    5.993429  15.746448   6.421258
 564         "b+iy"    1    4.288811   5.491597   1.209397
 565         "b+uh"    2    2.003553   2.006853   4.994442
 566         "b+uw"    1    1.015586   1.762840   2.226161
 567      "l-ih+jh"    1    1.001505   2.409045   4.694944
 568      "l-ih+ng"    2    2.049719   5.722534   5.951063
 569      "l-ih+sh"    1    1.500754   1.411901   1.119189
 570       "ih-k+s"    6   14.601522   9.791720   9.991576
 571       "k-oy+l"    1    4.246908   8.276075   0.999917
 572       "k-oy+n"    1    4.998498   6.967198   5.030308
 573     "eh-dh+er"    4   10.996024  42.928001  36.941139
 574         "b-ah"    1    2.699326  10.319001   4.258043
 575        "er-th"    1    0.999986  12.121181  10.764046
 576         "b-ow"    1    1.295663   5.677662   6.298963
 577       "ih-n+f"    1    1.018573   0.999989   1.004363
 578       "aa-f+t"    2    4.703486   5.337415   5.433413
 579         "s+aa"    3   13.695722  21.558960   6.552148
 580         "s+ae"    1    3.877734   8.794592   3.093043
 581         "s+ay"    2   11.018184  13.794610   5.018662
 582      "k-sh+ah"    1    2.053649   5.994102   3.012102
 583         "s+eh"    5   16.986992  24.164795  14.633733
 584         "s+ih"    6   22.778084  42.594334  12.001227
 585      "l-iy+ah"    1    0.999855  15.734541   3.259789
 586         "s+uw"    1    4.230774   9.252183   2.513109
 587      "iy-ah+l"    1    1.074684   1.014868   1.180849
 588      "iy-ah+s"    1    2.199466   1.118086   1.068617
 589      "ah-v+aa"    1    1.015939   1.003119   1.016573
 590      "ah-v+er"    1    2.089445   3.706450   1.580474
 591      "ey-v+ah"    1    2.051053   1.068891   1.000148
 592        "ah+ch"    1    1.000000   1.000000   1.000000
 593        "ah+hh"    1    1.000239   0.999903   0.999904
 594       "b-uh+k"    1    2.045002   8.954961   0.999988
 595       "b-uh+l"    1    2.002385   1.055162  33.955467
 596      "g-eh+dh"    1    2.943621   4.171439   3.865459
 597       "aa-k+s"    2    2.027170   2.056362   2.712233
 598        "ah-ng"    6   41.814369  26.339499  12.669426
 599       "aa-l+y"    2    2.048967   2.260293   3.626552
 600       "aa-m+b"    1    4.950773   1.008339   1.000261
 601        "r-p+l"    1    4.701526   2.037373   4.494900
 602         "ih+k"    1    1.004336   1.044773   1.000227
 603         "ih+l"    1    1.617845   2.230052   1.009512
 604         "ih+n"    1    1.002238   1.026883   1.960539
 605         "ih-k"    2    3.832459   2.280877   2.034655
 606         "ih-p"    1    4.638310   2.045543   2.009072
 607         "ih-v"    1    9.653779   2.982586   4.650428
 608      "eh-t+ah"    1    1.152465   1.841031   1.003949
 609      "iy-t+ah"    1    1.108471   1.891774   1.001769
 610       "aa-r+t"    2    2.000245   2.002183   3.886086
 611       "r-m+ey"    1    1.228898   1.306673   3.468435
 612       "k-r+ah"    1    2.610231   1.025433   0.999887
 613       "k-r+ay"    1    2.155267   2.868169   4.920647
 614       "k-r+ey"    1    1.013548   1.436046   1.000967
 615       "k-r+iy"    1    1.007133   0.999871   0.999871
 616       "d-w+eh"    1    4.152493   2.488987   1.027521
 617         "k+aa"    2    3.318408   6.064690   6.959036
 618         "k+ah"    8   15.668151  28.922531  24.576820
 619         "k+ao"    5    7.397795  14.788671  14.033666
 620         "k+eh"    3   13.948887  10.057405   9.961203
 621         "k+er"    1    1.002468   3.992287   4.934351
 622         "k+oy"    2    9.319101   7.730452   2.002947
 623      "ah-n+ah"    2    4.028154   7.928358   3.773271
 624      "ah-n+ey"    1    1.883343   2.126224   4.989346
 625     "iy-zh+ah"    1   14.508241   5.222066   8.321502
 626      "n-th+iy"    1    3.013177   1.001544   1.001576
 627         "aa+l"    1    4.139670   1.002544   0.999952
 628         "aa+r"    2   10.391256   4.814228   9.726741
 629         "aa-l"    1    1.022154  13.959320   8.170387
 630         "aa-p"    1    5.001125   0.999894   0.999892
 631       "b-uw+t"    1    1.000068   0.999994  13.999549
 632         "ae+b"    2    2.942115   3.960522  11.593725
 633         "ae+d"    1    1.073690   1.677253   1.000004
 634         "ae+f"    1   13.821914   1.000166   1.000008
 635         "ae+g"    1   10.756006   2.302147   3.118924
 636         "ae+k"    2    1.999945   2.001387   5.327610
 637         "ae+l"    2    2.000626   4.192594   6.973285
 638         "ae+m"    3    6.593232   5.653139  13.730225
 639         "ae-k"    1    6.222488   3.725676   7.253208
 640         "ae-n"    2   11.319683   9.786258   3.084203
 641      "ih-r+iy"    1    1.000686   7.345553   1.001270
 642      "uw-b+ah"    1    1.862663   1.329352   3.059443
 643     "er-ey+sh"    1    6.013170   1.034134   1.055911
 644      "r-ih+dh"    1    4.530115   5.086302   3.442039
 645      "ae-b+ah"    1    5.928102   1.203102   2.876307
 646      "r-ih+ng"    1    1.001935   2.150442   3.960970
 647         "ah+b"    5   13.721361   8.199790   6.839416
 648         "ah+g"    1    2.678320   1.133116   2.165372
 649         "ah+k"    2    6.015118   2.263120   6.772573
 650         "ah+n"    2    3.855741   2.001462   2.152588
 651         "ah+p"    1    4.809100  11.858274   4.421973
 652         "ah+v"    1    7.295331   5.039908   3.216854
 653         "ah-l"   23   50.714287 124.883034  94.372581
 654         "ah-m"    1    8.884130   1.177924   4.921808
 655         "ah-n"   23   63.469162 117.074722  77.466194
 656         "ah-p"    1   12.997516   1.978211   5.008276
 657         "ah-s"    3   11.149662  22.706461  11.089540
 658         "ah-t"    2    9.793574   2.248299   2.927574
 659         "ah-z"    1    1.125543   2.016438  10.961654
 660      "eh-l+ah"    1    1.600137   1.804026   1.003846
 661      "hh-ow+m"    1    1.898803  12.352301   1.476609
 662      "dh-ah+m"    2    1.999989   2.000457   2.000870
 663        "dh-er"    5    9.031647  16.398178  14.733329
 664        "dh-ow"    1    1.722042   3.478542   5.161767
 665         "iy+m"    1    5.981544   1.127651   6.110856
 666       "b-eh+l"    1    1.012453   4.967845   2.641994
 667       "b-eh+n"    1    1.001751  11.129941   1.978637
 668         "iy-m"    1    5.538229   4.454668   1.000123
 669         "iy-v"    7   31.813175  15.005881   8.769190
 670       "r-th+r"    1    1.018117   8.931726   1.143875
 671      "r-iy+ah"    2    1.999997   2.001783   2.000480
 672         "ao+l"    3   13.656021  20.880829  14.242342
 673         "ao-l"    5    8.263738   8.517312  13.192294
 674         "ao-r"    5   20.146351  14.278144   9.434242
 675       "uh-d+s"    1    1.521929   1.467956   0.999924
 676      "m-eh+zh"    2    2.001322   3.340797  13.220345
